Labels
0.0
0.0
0.5552707308693107
0.0
0.0
0.0
0.0
0.0
2.2236463456534463
0.0
0.0
0.0
0.0
0.0
0.0
0.0
0.0
1.1105414617386213
0.0
0.0
0.0
0.0
0.0
0.0
0.0
0.0
0.0
0.0
0.0
0.0
0.0
0.0
0.0
0.0
0.0
0.0
0.0
0.0
0.0
8.668375614784136
