Labels
0.0
0.0
2.482171382386018
0.0
0.0
0.0
0.0
0.790410138819721
0.0
0.0
0.0
0.0
0.0
0.0
0.0
0.0
0.0
0.0
0.0
0.0
0.0
0.0
0.0
0.0
0.0
0.790410138819721
0.0
0.0
0.0
0.0
0.0
0.0
0.0
0.09864889525342428
0.0
0.5061460353367153
0.0
0.0
0.0
1.8890590340731452
