Labels
0.0
0.0
0.6543508660604952
0.0
0.6543508660604952
0.0
0.0
0.0
0.0
0.0
0.0
0.0
0.0
0.0
0.0
0.0
0.0
0.0
0.09246706880100458
0.0
0.6543508660604952
0.0
0.0
0.0
0.0
0.0
0.0
0.0
0.0
0.0
0.0
0.0
0.0
0.5803574981687478
0.0
0.0
0.0
0.0
0.0
3.6714886228715455
