Labels
0.0
0.0
0.4985593358335929
0.0
0.0
0.0
0.0
0.0
0.0
0.0
0.12187850581710613
0.0
0.0
0.0
0.0
0.0
0.0
0.9971186716671858
0.37956215834930096
0.0
0.0
0.0
0.0
0.0
0.0
0.0
0.0
0.0
0.0
0.0
0.0
0.0
0.0
0.0
0.0
0.0
0.0
0.0
0.0
5.892048135080877
