Labels
0.0
0.0
2.8868439190377493
0.0
1.773687838075499
0.0
0.0
0.0
0.22631216192450115
0.0
0.0
0.0
0.0
0.0
0.0
0.0
0.0
0.0
0.0
0.0
0.22631216192450115
0.0
0.0
0.0
0.0
0.0
0.0
0.0
0.0
0.0
0.0
0.0
0.0
0.0
0.0
0.0
0.0
0.0
0.0
0.5657804048112529
