Labels
0.0
0.0
0.0
0.0
0.0
0.0
0.0
0.0
0.7124969340991246
0.9835239032229822
0.0
0.0
0.0
0.0
0.0
0.0
0.0
0.0
1.3965867022230145
0.0
0.3159102318761103
0.0
0.0
0.0
0.0
0.0
0.0
0.0
0.0
0.0
0.0
0.0
0.0
0.0
0.0
0.0
0.0
0.0
0.0
7.992613958380584
