Labels
0.0
0.0
0.0
0.0
0.0
0.0
0.0
0.0
2.101919606334585
0.0
0.0
0.0
0.0
0.0
0.0
0.0
0.0
0.0
0.5796160787330831
0.0
0.0
0.0
0.0
0.0
0.0
0.0
0.0
0.0
0.0
0.0
0.0
0.0
0.0
0.0
0.0
0.0
0.0
0.0
0.0
11.868434677484085
