Labels
0.0
0.0
0.0
0.0
0.0
0.0
0.0
0.0
0.012951852989934126
0.0
0.0
0.0
0.0
0.0
0.0
0.0
0.0
0.0
0.0
0.9974096294020132
0.0
0.0
0.0
0.0
0.0
0.0
0.0
0.0
0.0
0.0
0.0
0.0
0.0
0.0
0.0
0.0
0.0
0.0
0.0
2.0259037059798684
