Labels
0.0
0.0
0.813917888002597
0.0
0.0
0.0
0.0
0.0
0.0
0.0
0.0
0.0
0.0
0.0
0.0
0.0
0.0
0.0
0.0
0.0
0.0
0.0
0.0
0.0
0.0
0.0
0.0
0.0
0.0
0.18608211199740302
0.0
0.0
0.0
0.0
0.0
0.0
0.0
0.0
0.0
2.0
