Labels
0.0
0.0
0.0
0.0
0.0
0.0
0.0
0.0
0.35945571738315063
0.0
0.0
0.0
0.0
0.0
0.0
0.0
0.6405442826168494
0.0
0.0
0.0
0.0
0.0
0.0
0.0
0.0
0.0
0.0
0.0
0.0
0.0
0.0
0.0
0.0
0.0
0.0
0.0
0.0
0.0
0.0
4.0
