Labels
0.11937786034861916
0.0
1.3925761139601274
0.0
0.0
0.0
0.0
0.5119539743087465
0.0
0.0
0.0
0.0
0.0
0.0
0.0
0.0
0.0
0.0
1.023907948617493
0.0
0.0
0.0
0.0
0.0
0.0
0.0
0.0
0.0
0.0
0.3686681653426344
0.0
0.0
0.0
0.0
0.0
0.0
0.0
0.0
0.0
1.7746176436234777
