Labels
0.0
0.0
0.0
0.0
0.5495684819307385
0.0
0.39318908802186664
0.0
0.0
0.05724243004739489
0.0
0.0
0.0
0.0
0.0
0.0
0.0
0.0
0.0
0.0
0.0
0.0
0.0
0.0
0.0
0.0
0.0
0.0
0.0
0.0
0.0
0.0
0.0
0.0
0.0
0.0
0.0
0.0
0.0
1.4504315180692615
