Labels
0.0
0.0
0.0
0.2757853154523287
0.0
0.0
0.0
0.0
0.3753562597699771
0.0
0.34885842477769413
0.0
0.0
0.0
0.0
0.0
0.0
0.0
0.0
0.0
0.0
0.0
0.0
0.0
0.0
0.0
0.0
0.0
0.0
0.0
0.0
0.0
0.0
0.0
0.0
0.0
0.0
0.0
0.0
2.375356259769977
