Labels
0.0
0.0
0.0
0.0
0.0
0.0
0.0
0.0
0.6546184371682295
0.6907631256635408
0.0
0.0
0.0
0.0
0.0
0.0
0.0
0.0
0.0
0.0
0.0
0.0
0.0
0.0
0.0
0.0
0.0
0.0
0.0
0.0
0.0
0.0
0.0
0.0
0.0
0.0
0.0
0.0
0.0
4.618473748672918
