Labels
0.0
0.0
1.5608984519100524
0.0
1.5608984519100524
0.0
0.0
0.0
0.1104343666631162
0.0
0.0
0.0
0.0
0.0
0.0
0.0
0.0
0.0
0.0
0.0
1.5608984519100524
0.0
0.1656515499946743
0.0
0.0
0.0
0.0
0.0
0.0
0.0
0.0
0.0
0.0
0.0
0.0
0.0
0.0
0.0
0.16433359071341574
3.781767185236285
