Labels
0.0
0.0
0.0
0.0
0.0
0.0
0.0
0.0
0.0
0.0
1.0167607352157562
0.0
0.0
0.0
0.0
0.0
0.0
0.0
0.0
0.0
0.0
0.0
0.0
0.0
0.0
0.0
0.0
0.0
0.0
0.0
0.0
0.0
0.0
0.49161963239212203
0.0
0.0
0.0
0.0
0.0
2.0
