Labels
0.1481849836926197
0.0
0.0
0.0
0.0
0.0
0.0
0.0
0.0
0.0
0.8518150163073803
0.0
0.0
0.0
0.0
0.0
0.0
0.0
0.8518150163073803
0.0
0.0
0.0
0.0
0.0
0.0
0.0
0.0
0.0
0.0
0.0
0.0
0.0
0.0
0.0
0.0
0.0
0.0
0.0
0.0
3.7036300326147606
