Labels
0.0
0.0
0.0
0.0
0.0
0.0
0.0
0.0
0.0
0.6852192333316031
0.0
0.0
0.0
0.0
0.0
0.0
0.0
0.0
0.22840641111053436
0.0
0.0
0.0
0.0
0.0
0.0
0.0
0.0
0.0
0.0
0.0
0.0
0.0
0.0
0.0
0.0
0.0
0.0
0.0
0.0
5.543187177778932
