Labels
0.25424006298184826
0.0
0.0
0.0
0.0
0.0
0.0
0.0
0.0
0.0
0.25424006298184826
0.0
0.0
0.0
0.0
0.0
0.7457599370181517
0.0
0.0
0.0
0.0
0.0
0.0
0.0
0.0
0.0
0.0
0.0
0.0
0.0
0.0
0.0
0.0
0.0
0.0
0.0
0.0
0.0
0.0
2.7457599370181516
