Labels
0.0
0.0
1.4106328934734278
0.0
0.0
0.0
0.0
0.7458150013775173
0.0
0.0
0.0
0.0
0.0
0.0
0.0
0.37290750068875866
0.0
0.0
0.0
0.0
0.0
0.0
0.0
0.0
0.0
0.0
0.0
0.0
0.0
0.0
0.0
0.0
0.0
0.0
0.0
0.6270924993112413
0.0
0.0
0.0
0.9622746072153309
