Labels
0.0
0.0
0.2125851181683307
0.0
0.0
0.0
0.0
0.0
0.0
0.9636737509525046
0.0
0.0
0.0
0.0
0.0
0.0
0.0
0.0
0.7874148818316693
0.0
0.0
0.0
0.0
0.0
0.0
0.0
0.0
0.0
0.0
0.2125851181683307
0.0
0.0
0.0
0.0
0.0
0.0
0.0
0.0
0.0
3.149659527326677
