Labels
0.0
0.0
0.8497330077948717
0.0
0.4410956796929944
0.0
0.0
0.0
0.0
0.0
0.0
0.0
0.0
0.0
0.0
0.0
0.0
0.8172746562037546
0.0
0.0
1.1827253437962455
0.0
0.0
0.0
0.0
0.0
0.0
0.0
0.0
0.0
0.0
0.0
0.0
0.0
0.0
0.0
0.0
0.0
0.0
5.407614336106
