Labels
0.770930829700513
0.0
0.0
0.0
0.0
0.0
0.0
0.0
0.0
0.0
0.770930829700513
0.0
0.0
0.0
0.0
0.0
0.0
0.0
0.0
0.0
0.0
0.0
0.0
0.0
0.0
0.0
0.0
0.0
0.0
0.0
0.22906917029948706
0.0
0.0
0.0
0.0
0.0
0.0
0.0
0.0
2.9162766811979486
