Labels
0.0
0.0
0.03013072612539948
0.0
0.0
0.0
0.3956260703333013
0.0
0.0
0.0
0.0
0.0
0.0
0.0
0.0
0.0
0.0
0.06026145225079896
0.0
0.0
0.0
0.0
0.0
0.0
0.0
0.0
0.0
0.0
0.0
0.0
0.0
0.0
0.0
0.0
0.0
0.0
0.5742432035412992
0.5742432035412992
0.0
1.5462797009602989
