Labels
0.0
0.0
0.0
0.0
0.0
0.0
0.0
0.0
0.33618307223584026
0.0
0.0
0.0
0.0
0.0
0.0
0.0
0.0
0.0
0.0
0.0
0.8319084638820798
0.0
0.5042746083537604
0.0
0.0
0.0
0.0
0.0
0.0
0.0
0.0
0.0
0.0
0.0
0.0
0.0
0.0
0.0
0.0
5.16809153611792
