Labels
0.0
0.0
0.0
0.0
0.0
0.0
0.0
0.0
0.0
0.0
0.0
0.0
0.0
0.0
0.0
0.0
0.0
0.0
0.07217978429632235
0.0
0.0
0.0
0.0
0.0
0.0
0.0
0.0
0.6667547562885204
0.0
0.0
0.0
0.0
0.0
0.0
0.0
0.0
0.2610654594151573
0.2610654594151573
0.0
6.100361999797577
